3.2230619,3.2230485
3.2230518,3.2230535
3.2230569,3.2230586
3.2230871,3.2230535
3.2230569,3.2230686
3.2230669,3.2230737
3.2230720,3.2230737
3.2231425,3.22323993.2231374,3.2231744
3.2230468,3.2230485
3.2230669,3.2230384
3.2230619,3.2230787
3.2230871,3.2230586
3.2230972,3.2230888
3.2230619,3.2231291
3.2230569,3.22315933.2231979,3.2231543
3.2230770,3.2230485
3.2230569,3.2230586
3.2231828,3.2232449
3.2230619,3.2230535
3.2230971,3.2230384
3.2230720,3.2230586
3.2230367,3.22306363.2230619,3.2230384
3.2230468,3.2230837
3.2230468,3.2230636
3.2230871,3.2230586
3.2230518,3.2230435
3.2230468,3.2230636
3.2230669,3.2230535
3.2230619,3.22302333.2230820,3.2230586
3.2230619,3.2230686
3.2230971,3.2230535
3.2232029,3.2230435
3.2231374,3.2231895
3.2230417,3.2230384
3.2230417,3.2230636
3.2230569,3.22305353.2230569,3.2231140
3.2230871,3.2231291
3.2230770,3.2230535
3.2230569,3.2230485
3.2230770,3.2230485
3.2230871,3.2230737
3.2230720,3.2230686
3.2230921,3.22306363.2230720,3.2230737
3.2231828,3.2230384
3.2231123,3.2232147
3.2230619,3.2230837
3.2230669,3.2230535
3.2230821,3.2230737
3.2230669,3.2230535
3.2230619,3.22306363.2230518,3.2230535
3.2230468,3.2230535
3.2231022,3.2230737
3.2232231,3.2232701
3.2232281,3.2232298
3.2230569,3.2230586
3.2232483,3.2230837
3.2230569,3.22306863.2231878,3.2231845
3.2230669,3.2230586
3.2231072,3.2230837
3.2230669,3.2230586
3.2232029,3.2231794
3.2230720,3.2230485
3.2230821,3.2232298
3.2230669,3.22306863.2230569,3.2230787
3.2231878,3.2232096
3.2232583,3.2232399
3.2232432,3.2232348
3.2231828,3.2230636
3.2232332,3.2230535
3.2230669,3.2230535
3.2230669,3.22307363.2230720,3.2230787
3.2230669,3.2230585
3.2230569,3.2230636
3.2230821,3.2230585
3.2231223,3.2230887
3.2231375,3.2230837
3.2230871,3.2230736
3.2230720,3.22307873.2230619,3.2230636
3.2232332,3.2232046
3.2230871,3.2230787
3.2231979,3.2232398
3.2230821,3.2230988
3.2230821,3.2230585
3.2230921,3.2230736
3.2230670,3.22314413.2230821,3.2230787
3.2230670,3.2230636
3.2231929,3.2232247
3.2232835,3.2232096
3.2232231,3.2231945
3.2230821,3.2230686
3.2230821,3.2230434
3.2231425,3.22306363.2230871,3.2231190
3.2230871,3.2230787
3.2231223,3.2230988
3.2232130,3.2232499
3.2230820,3.2230585
3.2232231,3.2232046
3.2232382,3.2232650
3.2231022,3.22305853.2231072,3.2230736
3.2230518,3.2230938
3.2230871,3.2230485
3.2230971,3.2230636
3.2231022,3.2230585
3.2230619,3.2230585
3.2230720,3.2230888
3.2232029,3.22320963.2232482,3.2232449
3.2231979,3.2232802
3.2232029,3.2231996
3.2232583,3.2232298
3.2230770,3.2230686
3.2230720,3.2230938
3.2232180,3.2231845
3.2232533,3.22321473.2230820,3.2230686
3.2230871,3.2230787
3.2230468,3.2230535
3.2230518,3.2231240
3.2230770,3.2230636
3.2230770,3.2230434
3.2230619,3.2230938
3.2230719,3.22308373.2230820,3.2230837
3.2230770,3.2230837
3.2231525,3.2231996
3.2231727,3.2232147
3.2230669,3.2230535
3.2230518,3.2230787
3.2230618,3.2230586
3.2230770,3.22304853.2230669,3.2230535
3.2230870,3.2230636
3.2230568,3.2230384
3.2230467,3.2230434
3.2232029,3.2232399
3.2231727,3.2232751
3.2230669,3.2230535
3.2230719,3.22309883.2230971,3.2230636
3.2232130,3.2231895
3.2231021,3.2230737
3.2231575,3.2230737
3.2230518,3.2230686
3.2230316,3.2230737
3.2230669,3.2231089
3.2230467,3.22308373.2230770,3.2230888
3.2230669,3.2230586
3.2230770,3.2230686
3.2232381,3.2231946
3.2232784,3.2232248
3.2231273,3.2232298
3.2232482,3.2231946
3.2232331,3.22321473.2230870,3.2230988
3.2230820,3.2230485
3.2232230,3.2232147
3.2231676,3.2230787
3.2230518,3.2230787
3.2230618,3.2231946
3.2231172,3.2230737
3.2230820,3.22311903.2230870,3.2230737
3.2230618,3.2230586
3.2230568,3.2230938
3.2230920,3.2230787
3.2230920,3.2230636
3.2230719,3.2230787
3.2230769,3.2230787
3.2232784,3.22323483.2231575,3.2231089
3.2230920,3.2231240
3.2230618,3.2230737
3.2230719,3.2230837
3.2230870,3.2230485
3.2230920,3.2230636
3.2232230,3.2231945
3.2232582,3.22323483.2233136,3.2232197
3.2232683,3.2232348
3.2230719,3.2231190
3.2230820,3.2230535
3.2230618,3.2230737
3.2230668,3.2230586
3.2230669,3.2230636
3.2232331,3.22316943.2231928,3.2232046
3.2230719,3.2232097
3.2230870,3.2230988
3.2230417,3.2230586
3.2230517,3.2230434
3.2230769,3.2232449
3.2231021,3.2230938
3.2230568,3.22305853.2230719,3.2230737
3.2230971,3.2230686
3.2230870,3.2230787
3.2230417,3.2230938
3.2231575,3.2232096
3.2232230,3.2231643
3.2231827,3.2232147
3.2232028,3.22322983.2232280,3.2232751
3.2230820,3.2230586
3.2230820,3.2230535
3.2231071,3.2230586
3.2230971,3.2230787
3.2230618,3.2230737
3.2230668,3.2230686
3.2231374,3.22308373.2231021,3.2230837
3.2230971,3.2230888
3.2230920,3.2230585
3.2230568,3.2230837
3.2232280,3.2232096
3.2230870,3.2231039
3.2232079,3.2232046
3.2232330,3.22322983.2231726,3.2231693
3.2230719,3.2230585
3.2232280,3.2231593
3.2231726,3.2231844
3.2232230,3.2231593
3.2230769,3.2230485
3.2231071,3.2231240
3.2230668,3.22311903.2230568,3.2230384
3.2230819,3.2230384
3.2230920,3.2230736
3.2230769,3.2230736
3.2230819,3.2230535
3.2231122,3.2230787
3.2230769,3.2230686
3.2230920,3.22309383.2230769,3.2230837
3.2230517,3.2230585
3.2230920,3.2230938
3.2230618,3.2230736
3.2230568,3.2230837
3.2230971,3.2230787
3.2230467,3.2230736
3.2230618,3.22306363.2230719,3.2230787
3.2230668,3.2230686
3.2230668,3.2230535
3.2230618,3.2230635
3.2230568,3.2230484
3.2230618,3.2230535
3.2232028,3.2231895
3.2230719,3.22305853.2230870,3.2230787
3.2230920,3.2230837
3.2230719,3.2230736
3.2230618,3.2230988
3.2232330,3.2231945
3.2232230,3.2231744
3.2230568,3.2230686
3.2230618,3.22306363.2232381,3.2232247
3.2232532,3.2232348
3.2230568,3.2230585
3.2230870,3.2230736
3.2230568,3.2230786
3.2230618,3.2230736
3.2230668,3.2230635
3.2231021,3.22306863.2230517,3.2230585
3.2230769,3.2230686
3.2230719,3.2230434
3.2232381,3.2232247
3.2230668,3.2230937
3.2230669,3.2230786
3.2230618,3.2230484
3.2230719,3.22305853.2230517,3.2230635
3.2232079,3.2231894
3.2230719,3.2230535
3.2230769,3.2230736
3.2231122,3.2230887
3.2230618,3.2231189
3.2232431,3.2230887
3.2230517,3.22306353.2231021,3.2230736
3.2230769,3.2230988
3.2231071,3.2230585
3.2230668,3.2230938
3.2230820,3.2230736
3.2232129,3.2231844
3.2230769,3.2230988
3.2230719,3.22306353.2230517,3.2230686
3.2231928,3.2231693
3.2232280,3.2231995
3.2232331,3.2232197
3.2232179,3.2231592
3.2230920,3.2230837
3.2231122,3.2230938
3.2231877,3.22317433.2231776,3.2231995
3.2231928,3.2231693
3.2230870,3.2230786
3.2230568,3.2230837
3.2231777,3.2232146
3.2230820,3.2230585
3.2230769,3.2230887
3.2232431,3.22323483.2231474,3.2231643
3.2230870,3.2230535
3.2232230,3.2232197
3.2230618,3.2230837
3.2230870,3.2230686
3.2230668,3.2231139
3.2230719,3.2230736
3.2231525,3.22318953.2230719,3.2230585
3.2230971,3.2230636
3.2230870,3.2230535
3.2232028,3.2232348
3.2230668,3.2230787
3.2230820,3.2230635
3.2230769,3.2230484
3.2230568,3.22306863.2231172,3.2230636
3.2230971,3.2231290
3.2230819,3.2230787
3.2230517,3.2230736
3.2230819,3.2230837
3.2231172,3.2230988
3.2231172,3.2230535
3.2230618,3.22310383.2230719,3.2230736
3.2230769,3.2230786
3.2230769,3.2230686
3.2230618,3.2230988
3.2230568,3.2230434
3.2230870,3.2230988
3.2230819,3.2231089
3.2230668,3.22305853.2230719,3.2230786
3.2232028,3.2231894
3.2233086,3.2232499
3.2232683,3.2232197
3.2232431,3.2232197
3.2231978,3.2232247
3.2230920,3.2230887
3.2230769,3.22306863.2231122,3.2231088
3.2231323,3.2232599
3.2232179,3.2232549
3.2232482,3.2232448
3.2231273,3.2230887
3.2232482,3.2232599
3.2232582,3.2232499
3.2230668,3.22306353.2230820,3.2230736
3.2230618,3.2231139
3.2230920,3.2232096
3.2231222,3.2230736
3.2230920,3.2230837
3.2230920,3.2230585
3.2231524,3.2230736
3.2231071,3.22306863.2230719,3.2230434
3.2231172,3.2230887
3.2230870,3.2230837
3.2230719,3.2230585
3.2232683,3.2232247
3.2231474,3.2231088
3.2232230,3.2232952
3.2230971,3.22305853.2231172,3.2230887
3.2232683,3.2232196
3.2232582,3.2232247
3.2232431,3.2232499
3.2230920,3.2231038
3.2230971,3.2230837
3.2230769,3.2230685
3.2232633,3.22317933.2230618,3.2230736
3.2231172,3.2230837
3.2230820,3.2230786
3.2230971,3.2231139
3.2230870,3.2230887
3.2232381,3.2232700
3.2231072,3.2230736
3.2232482,3.22327003.2230820,3.2231038
3.2230769,3.2230635
3.2232381,3.2232650
3.2230870,3.2230887
3.2232381,3.2232751
3.2230971,3.2230535
3.2232532,3.2232448
3.2231172,3.22306863.2231323,3.2231290
3.2230971,3.2230937
3.2232230,3.2232650
3.2231877,3.2232096
3.2232532,3.2232297
3.2231021,3.2230988
3.2230870,3.2230837
3.2230820,3.22307363.2230820,3.2230988
3.2231122,3.2230887
3.2230820,3.2230535
3.2230870,3.2231139
3.2230870,3.2230686
3.2230820,3.2230887
3.2231021,3.2230938
3.2230618,3.22307363.2231172,3.2230786
3.2231021,3.2230635
3.2231223,3.2230887
3.2230568,3.2231189
3.2230719,3.2230283
3.2230719,3.2230786
3.2230669,3.2230736
3.2232683,3.22328523.2231122,3.2231038
3.2230618,3.2230837
3.2230517,3.2230686
3.2232834,3.2232348
3.2232230,3.2231945
3.2231172,3.2230635
3.2231071,3.2230837
3.2231071,3.22311393.2231323,3.2230736
3.2232532,3.2232096
3.2230970,3.2230585
3.2230668,3.2230535
3.2230719,3.2230535
3.2231323,3.2230535
3.2231373,3.2230736
3.2230719,3.22307863.2232330,3.2232096
3.2232381,3.2232700
3.2230819,3.2230635
3.2231071,3.2231089
3.2232834,3.2232398
3.2232028,3.2231844
3.2231122,3.2230988
3.2230970,3.22317433.2230920,3.2230686
3.2230668,3.2230837
3.2230517,3.2230686
3.2232582,3.2232096
3.2231021,3.2230635
3.2231122,3.2230837
3.2230668,3.2230686
3.2232179,3.22324493.2230819,3.2230686
3.2230769,3.2230535
3.2230920,3.2230535
3.2230517,3.2230937
3.2230668,3.2230786
3.2230517,3.2230736
3.2230769,3.2230686
3.2231273,3.22308873.2231021,3.2231089
3.2232582,3.2231441
3.2232280,3.2232751
3.2230416,3.2230535
3.2230668,3.2230686
3.2231021,3.2230585
3.2232532,3.2230686
3.2231122,3.22311893.2230819,3.2230635
3.2232280,3.2232499
3.2230920,3.2230887
3.2230618,3.2230887
3.2230970,3.2230938
3.2230819,3.2230585
3.2230870,3.2230686
3.2230870,3.22304343.2231021,3.2230988
3.2230668,3.2230988
3.2231071,3.2230837
3.2230819,3.2230736
3.2230819,3.2230686
3.2231121,3.2230635
3.2230668,3.2230484
3.2230870,3.22308373.2231021,3.2230635
3.2231121,3.2230585
3.2231222,3.2230585
3.2231121,3.2230736
3.2230618,3.2233053
3.2232532,3.2232297
3.2230920,3.2230585
3.2232784,3.22322983.2230719,3.2230988
3.2230819,3.2230635
3.2230920,3.2230786
3.2230668,3.2230937
3.2232179,3.2232549
3.2230870,3.2230686
3.2230769,3.2230937
3.2231021,3.22308873.2230668,3.2230887
3.2230568,3.2230635
3.2230719,3.2230786
3.2230769,3.2230484
3.2230719,3.2230685
3.2231222,3.2230988
3.2232935,3.2232801
3.2232884,3.22320453.2230870,3.2230635
3.2231121,3.2230988
3.2232381,3.2232599
3.2230970,3.2230937
3.2231373,3.2231038
3.2231373,3.2230585
3.2230719,3.2230786
3.2232028,3.22315923.2232532,3.2231945
3.2232733,3.2232348
3.2230970,3.2230736
3.2230618,3.2230686
3.2230970,3.2231038
3.2230769,3.2231189
3.2230870,3.2230786
3.2231021,3.22308373.2231172,3.2230937
3.2230920,3.2230837
3.2230769,3.2230635
3.2231071,3.2231391
3.2230668,3.2230988
3.2230668,3.2231038
3.2230618,3.2230585
3.2232481,3.22322973.2233187,3.2231844
3.2232784,3.2231945
3.2232985,3.2232247
3.2230971,3.2230988
3.2230719,3.2230635
3.2230870,3.2230937
3.2232381,3.2232398
3.2232028,3.22322973.2232079,3.2232801
3.2232381,3.2232801
3.2232330,3.2232549
3.2232280,3.2232499
3.2232079,3.2232599
3.2230819,3.2230736
3.2231827,3.2231693
3.2231122,3.22305343.2230769,3.2230786
3.2232884,3.2231995
3.2230568,3.2230736
3.2230920,3.2231139
3.2232028,3.2232448
3.2231928,3.2232398
3.2232179,3.2232196
3.2230769,3.22307863.2230820,3.2230585
3.2230668,3.2230837
3.2231021,3.2230887
3.2230467,3.2230484
3.2231071,3.2231038
3.2231021,3.2230837
3.2230971,3.2230887
3.2230870,3.22311893.2230769,3.2230686
3.2230820,3.2230937
3.2230769,3.2230736
3.2230870,3.2230887
3.2230568,3.2230988
3.2230618,3.2230837
3.2230769,3.2230887
3.2230920,3.22309373.2230920,3.2230887
3.2230920,3.2230635
3.2231323,3.2230786
3.2230618,3.2230484
3.2230971,3.2230837
3.2231273,3.2231038
3.2230870,3.2230736
3.2231021,3.22307363.2230820,3.2230837
3.2230870,3.2230736
3.2231172,3.2232247
3.2230971,3.2230585
3.2232784,3.2232146
3.2230618,3.2230635
3.2230669,3.2230837
3.2232784,3.22325493.2230820,3.2230585
3.2231021,3.2230937
3.2230870,3.2230988
3.2230769,3.2230736
3.2230568,3.2231038
3.2231525,3.2231995
3.2232683,3.2232045
3.2230769,3.22304843.2230920,3.2230685
3.2230820,3.2230786
3.2230618,3.2230786
3.2231122,3.2230736
3.2232633,3.2232247
3.2230921,3.2230937
3.2230820,3.2230685
3.2231424,3.22311893.2232885,3.2230786
3.2230971,3.2231038
3.2231021,3.2230837
3.2231072,3.2230484
3.2230820,3.2230837
3.2230568,3.2230786
3.2232180,3.2232348
3.2232683,3.22324993.2232482,3.2231844
3.2230669,3.2230635
3.2230770,3.2230635
3.2231576,3.2230736
3.2230820,3.2230786
3.2231021,3.2230786
3.2230820,3.2230786
3.2231021,3.22307863.2231424,3.2230988
3.2231072,3.2231542
3.2231021,3.2230988
3.2230870,3.2230887
3.2231122,3.2231139
3.2231021,3.2230786
3.2230769,3.2231189
3.2230921,3.22305853.2231223,3.2230635
3.2230870,3.2230988
3.2231021,3.2231139
3.2232280,3.2232347
3.2232482,3.2232499
3.2230971,3.2230937
3.2230870,3.2230837
3.2230719,3.22308873.2230820,3.2231038
3.2230820,3.2230786
3.2230769,3.2230786
3.2231172,3.2230937
3.2231122,3.2230988
3.2232180,3.2232599
3.2230769,3.2231088
3.2230920,3.22311893.2230920,3.2230484
3.2230870,3.2230685
3.2230870,3.2230736
3.2230820,3.2230685
3.2230769,3.2231340
3.2230769,3.2230585
3.2231122,3.2230887
3.2231273,3.22308373.2232633,3.2232499
3.2232633,3.2232499
3.2232583,3.2232650
3.2233036,3.2232549
3.2231122,3.2230635
3.2230568,3.2230837
3.2230820,3.2230736
3.2230719,3.22308873.2231323,3.2230837
3.2230719,3.2231239
3.2232532,3.2232096
3.2231978,3.2230434
3.2231172,3.2230837
3.2230820,3.2230736
3.2231222,3.2230736
3.2231726,3.22321463.2232784,3.2232650
3.2230820,3.2230786
3.2230870,3.2231088
3.2230769,3.2230635
3.2230769,3.2230736
3.2230920,3.2230887
3.2231223,3.2231038
3.2231273,3.22308873.2231071,3.2231240
3.2231273,3.2230887
3.2232733,3.2232650
3.2231525,3.2230937
3.2232079,3.2232398
3.2231021,3.2230686
3.2231122,3.2230887
3.2231777,3.22321463.2231726,3.2232347
3.2232028,3.2232146
3.2232582,3.2231995
3.2231071,3.2230635
3.2232532,3.2232347
3.2232280,3.2232700
3.2232834,3.2231038
3.2231222,3.22306853.2230668,3.2230887
3.2231625,3.2231340
3.2232230,3.2232045
3.2230820,3.2231139
3.2232431,3.2232347
3.2230517,3.2230434
3.2232935,3.2232448
3.2232885,3.22308873.2232381,3.2232247
3.2231273,3.2231189
3.2231021,3.2231089
3.2230970,3.2231240
3.2230970,3.2230887
3.2230769,3.2230736
3.2230467,3.2230837
3.2230668,3.22308373.2230870,3.2230988
3.2230668,3.2230786
3.2231172,3.2230736
3.2231021,3.2231189
3.2230920,3.2230937
3.2231021,3.2230686
3.2230920,3.2230887
3.2231021,3.22309883.2231273,3.2231139
3.2230920,3.2230635
3.2232582,3.2232499
3.2230970,3.2230635
3.2231021,3.2230837
3.2230920,3.2231189
3.2231122,3.2231089
3.2230920,3.22308873.2230970,3.2230887
3.2232280,3.2232449
3.2231071,3.2230837
3.2232280,3.2231945
3.2230870,3.2230535
3.2231172,3.2230988
3.2230769,3.2230988
3.2230870,3.22306863.2230970,3.2230887
3.2230819,3.2230585
3.2232028,3.2232348
3.2230970,3.2230837
3.2230920,3.2230686
3.2230920,3.2231240
3.2230920,3.2230686
3.2232683,3.22326503.2231122,3.2230887
3.2230920,3.2231089
3.2231172,3.2232751
3.2232532,3.2232398
3.2230870,3.2230635
3.2232582,3.2232297
3.2232532,3.2232751
3.2231021,3.22308873.2232834,3.2232348
3.2230970,3.2230585
3.2230920,3.2230837
3.2232683,3.2231945
3.2231172,3.2230585
3.2230719,3.2230786
3.2231323,3.2230786
3.2230618,3.22310883.2230819,3.2230837
3.2230920,3.2231139
3.2231021,3.2230635
3.2230668,3.2230535
3.2230971,3.2230887
3.2230467,3.2230484
3.2230820,3.2230988
3.2230920,3.22306353.2231071,3.2230786
3.2231373,3.2230484
3.2230870,3.2230887
3.2230971,3.2230736
3.2230568,3.2230686
3.2230820,3.2230837
3.2230971,3.2230887
3.2231273,3.22309373.2231071,3.2230786
3.2231877,3.2230887
3.2230971,3.2230887
3.2232129,3.2232549
3.2230971,3.2230786
3.2231021,3.2230585
3.2231222,3.2230736
3.2231021,3.22308373.2231122,3.2230887
3.2231374,3.2232599
3.2230819,3.2230837
3.2230568,3.2231189
3.2230819,3.2230988
3.2230870,3.2230686
3.2231122,3.2230736
3.2232532,3.22325493.2231122,3.2231391
3.2231273,3.2231189
3.2231172,3.2230837
3.2230920,3.2230736
3.2231122,3.2230535
3.2230971,3.2231391
3.2231122,3.2231038
3.2230870,3.22309883.2230719,3.2230686
3.2230719,3.2230988
3.2231323,3.2230786
3.2230920,3.2231290
3.2231071,3.2231391
3.2230568,3.2231240
3.2232532,3.2232247
3.2232431,3.22323983.2230820,3.2231240
3.2230719,3.2230837
3.2231071,3.2230938
3.2232784,3.2232499
3.2231374,3.2230837
3.2231172,3.2230887
3.2232280,3.2232499
3.2232230,3.22323483.2232784,3.2232146
3.2231878,3.2232398
3.2232230,3.2232196
3.2232633,3.2232549
3.2232230,3.2232801
3.2232532,3.2232499
3.2231273,3.2231139
3.2231021,3.22308373.2230921,3.2231189
3.2231172,3.2230736
3.2232683,3.2232952
3.2232532,3.2232297
3.2231273,3.2231038
3.2232784,3.2232952
3.2230921,3.2231189
3.2231021,3.22311393.2232432,3.2232599
3.2230921,3.2231088
3.2231072,3.2232498
3.2230921,3.2230937
3.2232532,3.2232146
3.2230870,3.2230736
3.2232633,3.2232750
3.2232230,3.22325493.2232180,3.2231793
3.2231878,3.2232398
3.2232532,3.2233304
3.2232935,3.2232549
3.2232633,3.2232650
3.2232583,3.2232448
3.2232633,3.2231088
3.2231022,3.22308873.2230971,3.2230836
3.2230820,3.2230786
3.2231626,3.2231038
3.2231022,3.2231290
3.2231374,3.2230836
3.2230971,3.2230937
3.2231122,3.2230887
3.2230971,3.22311893.2231072,3.2231290
3.2231324,3.2230937
3.2231525,3.2231038
3.2230669,3.2231239
3.2230921,3.2231038
3.2231626,3.2231290
3.2231626,3.2231088
3.2232230,3.22312903.2230870,3.2230736
3.2232532,3.2232549
3.2231122,3.2230987
3.2231122,3.2230685
3.2231878,3.2232901
3.2232432,3.2232347
3.2230820,3.2232146
3.2230669,3.22306353.2230921,3.2231088
3.2230921,3.2230685
3.2231223,3.2231038
3.2230921,3.2231138
3.2231475,3.2231290
3.2231072,3.2231290
3.2232684,3.2232952
3.2230971,3.22308873.2230770,3.2231290
3.2231223,3.2230937
3.2231072,3.2231390
3.2230870,3.2230534
3.2230921,3.2231441
3.2230820,3.2230786
3.2232331,3.2232649
3.2231122,3.22311383.2231424,3.2231138
3.2230820,3.2231189
3.2230921,3.2230685
3.2230971,3.2230584
3.2231374,3.2231038
3.2231273,3.2230685
3.2231122,3.2230584
3.2230669,3.22306853.2231172,3.2230886
3.2230618,3.2230484
3.2231021,3.2230887
3.2232583,3.2232246
3.2231122,3.2230987
3.2230820,3.2231692
3.2231122,3.2230584
3.2231424,3.22309373.2231324,3.2231441
3.2230820,3.2230887
3.2231122,3.2230887
3.2231324,3.2231139
3.2230870,3.2230635
3.2231021,3.2230987
3.2231122,3.2230887
3.2231072,3.22306853.2231324,3.2231139
3.2230820,3.2230736
3.2231223,3.2231139
3.2230971,3.2230988
3.2230870,3.2231088
3.2231072,3.2231189
3.2232985,3.2232599
3.2233036,3.22328513.2231525,3.2231239
3.2230769,3.2230836
3.2231928,3.2230987
3.2230870,3.2230685
3.2231021,3.2230685
3.2231172,3.2231038
3.2230719,3.2230887
3.2231021,3.22310383.2231071,3.2230887
3.2230920,3.2230837
3.2230971,3.2230937
3.2230819,3.2230837
3.2230920,3.2230736
3.2230769,3.2230988
3.2231222,3.2230837
3.2231071,3.22308873.2231071,3.2231038
3.2230568,3.2230786
3.2230820,3.2230736
3.2231122,3.2231290
3.2231122,3.2231491
3.2231424,3.2231491
3.2231072,3.2230837
3.2231374,3.22313403.2230870,3.2231038
3.2230971,3.2231139
3.2232583,3.2232801
3.2230820,3.2231340
3.2231424,3.2231340
3.2230870,3.2232297
3.2232834,3.2232499
3.2232583,3.22326503.2231122,3.2230786
3.2231173,3.2231290
3.2230921,3.2231139
3.2230820,3.2230837
3.2232885,3.2232700
3.2230820,3.2231139
3.2231777,3.2230686
3.2231374,3.22308373.2230971,3.2230837
3.2232482,3.2232247
3.2232029,3.2232549
3.2230920,3.2230887
3.2230920,3.2230887
3.2231424,3.2230937
3.2231072,3.2231240
3.2231223,3.22309883.2231122,3.2231038
3.2230820,3.2230736
3.2230971,3.2230736
3.2231525,3.2230937
3.2230971,3.2230837
3.2230770,3.2231240
3.2231021,3.2230937
3.2231626,3.22308873.2231173,3.2231038
3.2231273,3.2231391
3.2231374,3.2231089
3.2231223,3.2231139
3.2231072,3.2230837
3.2230920,3.2230786
3.2230920,3.2231038
3.2232482,3.22321973.2230870,3.2230837
3.2232834,3.2232700
3.2232482,3.2233204
3.2232633,3.2233103
3.2232885,3.2232348
3.2231122,3.2230736
3.2231575,3.2231391
3.2231374,3.22309883.2230769,3.2231038
3.2231626,3.2231089
3.2231172,3.2230938
3.2231323,3.2230887
3.2230870,3.2230988
3.2231273,3.2230787
3.2230870,3.2230938
3.2230920,3.22308373.2232885,3.2232550
3.2231575,3.2231391
3.2230971,3.2231089
3.2231374,3.2231240
3.2232482,3.2233003
3.2230971,3.2231492
3.2231021,3.2230988
3.2231071,3.22312913.2231273,3.2231139
3.2231122,3.2231139
3.2231072,3.2231341
3.2230719,3.2231341
3.2231122,3.2231492
3.2231021,3.2231139
3.2231172,3.2232902
3.2232633,3.22330533.2233187,3.2232550
3.2231777,3.2231290
3.2232834,3.2232650
3.2231122,3.2230938
3.2230920,3.2231290
3.2231273,3.2231089
3.2231424,3.2230938
3.2231223,3.22311393.2232381,3.2232550
3.2233187,3.2232701
3.2232280,3.2232247
3.2231525,3.2231291
3.2231071,3.2230636
3.2230971,3.2231139
3.2230920,3.2231089
3.2231122,3.22308883.2231323,3.2230938
3.2231222,3.2231139
3.2231122,3.2230888
3.2231273,3.2231744
3.2231122,3.2231190
3.2230769,3.2231039
3.2231374,3.2230888
3.2230366,3.22309883.2231374,3.2230585
3.2230921,3.2231190
3.2231172,3.2231492
3.2231072,3.2230988
3.2231072,3.2231139
3.2230921,3.2231592
3.2231324,3.2230887
3.2231575,3.22312903.2230719,3.2231290
3.2233086,3.2231844
3.2231273,3.2230837
3.2233137,3.2232852
3.2231122,3.2230787
3.2231122,3.2231290
3.2231424,3.2230786
3.2231626,3.22309373.2231173,3.2230937
3.2231173,3.2231240
3.2232684,3.2233708
3.2232583,3.2232600
3.2231878,3.2231240
3.2230921,3.2230938
3.2231475,3.2231391
3.2231022,3.22309883.2231022,3.2231038
3.2231425,3.2231542
3.2231374,3.2231240
3.2231475,3.2231391
3.2231425,3.2231492
3.2232936,3.2233305
3.2233036,3.2233103
3.2231525,3.22310893.2231324,3.2231139
3.2232583,3.2232398
3.2231022,3.2230887
3.2231475,3.2231794
3.2231324,3.2231391
3.2231273,3.2231039
3.2232079,3.2232398
3.2232029,3.22329523.2233036,3.2232600
3.2232835,3.2232902
3.2230770,3.2230787
3.2230971,3.2231139
3.2230619,3.2230635
3.2230971,3.2231139
3.2230820,3.2230988
3.2231072,3.22310383.2231576,3.2231139
3.2230871,3.2231290
3.2231122,3.2231089
3.2231072,3.2230736
3.2231324,3.2231341
3.2231324,3.2231643
3.2231273,3.2231240
3.2231173,3.22311393.2230770,3.2230686
3.2232835,3.2232499
3.2233087,3.2232751
3.2232936,3.2232247
3.2232633,3.2232600
3.2233238,3.2232801
3.2231122,3.2231139
3.2231072,3.22309383.2231273,3.2230686
3.2232734,3.2231240
3.2233087,3.2232499
3.2231173,3.2231240
3.2231273,3.2231039
3.2231324,3.2231290
3.2232432,3.2232600
3.2230971,3.22313413.2231324,3.2232399
3.2231173,3.2230938
3.2231122,3.2232298
3.2232835,3.2232650
3.2232935,3.2231190
3.2232583,3.2232701
3.2233338,3.2232852
3.2233238,3.22330033.2230971,3.2230787
3.2232784,3.2233355
3.2231424,3.2231492
3.2231122,3.2231089
3.2231424,3.2231341
3.2232784,3.2232600
3.2232885,3.2233053
3.2231827,3.22310393.2231827,3.2230837
3.2231122,3.2232197
3.2233540,3.2233456
3.2232885,3.2233003
3.2231525,3.2231290
3.2231173,3.2230837
3.2231424,3.2231542
3.2231525,3.22309383.2231324,3.2231190
3.2232482,3.2233003
3.2231022,3.2231341
3.2231122,3.2231391
3.2231223,3.2231240
3.2232885,3.2232852
3.2232432,3.2232902
3.2233187,3.22324493.2231223,3.2231240
3.2231475,3.2231240
3.2232936,3.2232902
3.2233087,3.2232197
3.2231072,3.2230837
3.2231525,3.2231089
3.2231122,3.2231391
3.2230770,3.22311903.2231273,3.2231139
3.2231374,3.2233154
3.2231374,3.2231341
3.2231525,3.2231190
3.2231425,3.2231240
3.2231223,3.2231039
3.2231475,3.2231290
3.2231374,3.22311393.2231122,3.2230636
3.2232633,3.2232449
3.2231525,3.2231139
3.2230921,3.2230988
3.2233389,3.2233104
3.2231475,3.2231341
3.2232885,3.2233658
3.2233238,3.22333053.2232885,3.2232902
3.2230921,3.2231492
3.2231576,3.2231542
3.2231374,3.2231139
3.2231425,3.2231391
3.2231576,3.2231441
3.2230921,3.2230736
3.2231324,3.22312403.2231777,3.2231391
3.2231626,3.2231391
3.2231122,3.2230787
3.2233036,3.2232751
3.2231626,3.2231190
3.2231525,3.2231341
3.2231576,3.2231341
3.2231525,3.22309883.2230921,3.2231039
3.2231425,3.2231744
3.2231525,3.2231441
3.2231576,3.2231240
3.2233338,3.2232499
3.2231626,3.2231441
3.2231374,3.2231542
3.2230921,3.22311903.2231475,3.2231492
3.2233590,3.2232550
3.2231123,3.2231492
3.2231122,3.2231240
3.2231273,3.2231240
3.2231072,3.2231693
3.2231273,3.2231189
3.2230871,3.22309383.2231525,3.2231341
3.2231173,3.2232852
3.2231274,3.2231441
3.2231173,3.2231391
3.2233187,3.2232751
3.2232634,3.2232398
3.2231727,3.2231240
3.2231475,3.22314923.2231223,3.2231341
3.2231123,3.2230837
3.2231072,3.2230837
3.2231576,3.2231492
3.2231274,3.2231139
3.2231475,3.2231492
3.2231173,3.2231240
3.2232785,3.22331033.2232885,3.2232499
3.2233187,3.2232852
3.2231223,3.2231391
3.2231173,3.2230635
3.2231374,3.2231391
3.2231576,3.2230988
3.2231324,3.2231592
3.2231727,3.22312903.2231273,3.2231290
3.2231122,3.2231038
3.2231324,3.2230837
3.2231122,3.2231240
3.2231827,3.2230988
3.2231374,3.2231341
3.2230971,3.2231038
3.2231173,3.22311893.2231223,3.2230938
3.2231475,3.2231341
3.2231173,3.2230887
3.2231374,3.2231089
3.2232029,3.2232902
3.2232633,3.2233003
3.2231324,3.2231089
3.2232885,3.22324493.2231324,3.2231089
3.2231223,3.2231492
3.2231223,3.2231341
3.2231374,3.2230686
3.2231878,3.2231089
3.2231828,3.2231492
3.2233087,3.2233456
3.2231223,3.22308373.2231324,3.2231290
3.2230921,3.2231038
3.2232784,3.2232549
3.2231223,3.2231341
3.2231122,3.2231189
3.2231374,3.2231139
3.2231475,3.2230938
3.2231576,3.22312903.2231525,3.2230938
3.2231525,3.2231693
3.2231273,3.2231441
3.2232885,3.2232902
3.2231223,3.2231290
3.2231374,3.2231190
3.2231324,3.2230988
3.2232835,3.22327513.2232936,3.2232600
3.2232432,3.2232650
3.2232885,3.2232197
3.2232935,3.2232852
3.2231273,3.2231089
3.2231424,3.2230887
3.2231072,3.2230988
3.2231273,3.22313913.2231223,3.2230938
3.2231525,3.2231542
3.2231525,3.2231189
3.2231475,3.2231139
3.2232986,3.2233003
3.2231525,3.2231743
3.2231475,3.2231743
3.2231525,3.22317433.2232885,3.2233204
3.2232835,3.2233406
3.2230971,3.2231794
3.2231676,3.2231542
3.2230921,3.2231089
3.2231072,3.2231290
3.2230921,3.2230938
3.2230870,3.22311393.2231122,3.2231391
3.2231021,3.2231139
3.2231223,3.2231089
3.2231727,3.2231643
3.2231122,3.2231643
3.2231324,3.2231441
3.2231525,3.2231089
3.2231021,3.22318443.2230870,3.2231240
3.2231525,3.2231139
3.2231072,3.2230736
3.2231324,3.2230736
3.2230870,3.2231240
3.2231021,3.2230938
3.2231223,3.2230837
3.2231324,3.22314923.2231072,3.2231240
3.2232079,3.2230988
3.2231223,3.2231039
3.2231827,3.2231190
3.2231273,3.2231844
3.2231726,3.2230887
3.2231021,3.2231089
3.2231475,3.22312403.2231273,3.2231240
3.2231273,3.2231341
3.2231223,3.2231139
3.2231223,3.2231391
3.2231122,3.2232701
3.2233691,3.2232650
3.2232734,3.2232499
3.2232985,3.22325503.2231223,3.2230888
3.2231172,3.2231190
3.2231172,3.2231190
3.2231172,3.2231039
3.2231323,3.2231542
3.2230870,3.2231291
3.2230669,3.2231341
3.2231323,3.22308373.2232482,3.2232550
3.2232683,3.2232399
3.2232633,3.2231945
3.2230971,3.2231442
3.2233187,3.2232902
3.2232583,3.2232499
3.2230770,3.2230837
3.2230971,3.22309883.2230971,3.2231190
3.2231173,3.2230888
3.2231424,3.2232650
3.2233187,3.2233053
3.2231575,3.2231190
3.2231273,3.2232499
3.2230971,3.2230938
3.2231626,3.22309883.2231525,3.2231139
3.2231424,3.2231240
3.2231626,3.2231693
3.2231223,3.2230736
3.2230921,3.2231341
3.2230820,3.2230736
3.2231122,3.2231039
3.2231122,3.22314423.2230770,3.2230837
3.2231425,3.2230988
3.2230971,3.2231391
3.2231173,3.2231291
3.2231223,3.2230988
3.2232936,3.2232298
3.2231223,3.2230938
3.2231223,3.22313413.2231274,3.2231190
3.2231676,3.2230888
3.2231173,3.2230586
3.2231425,3.2230888
3.2231525,3.2231291
3.2230921,3.2230888
3.2231274,3.2231341
3.2231022,3.22307373.2231022,3.2230989
3.2232633,3.2232198
3.2230871,3.2231039
3.2231425,3.2231543
3.2230971,3.2230888
3.2231173,3.2232701
3.2231123,3.2230989
3.2231022,3.22308383.2231223,3.2230888
3.2231072,3.2230788
3.2232986,3.2232500
3.2232885,3.2232953
3.2232885,3.2233407
3.2232835,3.2232853
3.2232432,3.2232802
3.2231425,3.22308383.2230921,3.2230838
3.2231375,3.2231140
3.2230871,3.2231291
3.2230820,3.2230636
3.2231072,3.2231090
3.2231123,3.2231493
3.2231022,3.2231392
3.2230770,3.22313423.2232634,3.2232752
3.2231072,3.2231090
3.2231425,3.2231291
3.2230921,3.2231040
3.2230972,3.2231392
3.2231223,3.2231191
3.2232231,3.2232198
3.2231123,3.22308383.2232936,3.2233054
3.2231022,3.2231090
3.2230821,3.2231040
3.2231022,3.2231090
3.2232432,3.2233004
3.2232684,3.2232400
3.2230821,3.2231342
3.2231022,3.22312923.2231123,3.2231241
3.2231022,3.2230989
3.2231274,3.2230939
3.2231374,3.2230939
3.2231425,3.2231040
3.2233037,3.2232853
3.2230921,3.2231241
3.2233037,3.22321483.2233137,3.2233105
3.2230971,3.2231644
3.2230971,3.2230687
3.2230820,3.2230989
3.2230871,3.2231140
3.2231223,3.2230889
3.2232382,3.2232248
3.2233137,3.22323493.2231526,3.2231291
3.2232231,3.2230989
3.2231526,3.2231342
3.2231223,3.2231090
3.2232583,3.2232903
3.2231626,3.2231241
3.2231526,3.2231241
3.2231123,3.22311913.2231173,3.2231090
3.2230921,3.2231392
3.2231777,3.2230939
3.2232835,3.2232752
3.2231173,3.2230889
3.2231022,3.2230788
3.2231425,3.2231191
3.2231123,3.22316943.2232835,3.2232450
3.2232835,3.2232651
3.2231626,3.2231694
3.2231223,3.2231594
3.2231173,3.2231090
3.2231526,3.2231644
3.2231576,3.2231140
3.2233037,3.22326513.2232885,3.2232853
3.2232785,3.2232399
3.2231425,3.2231644
3.2231123,3.2231342
3.2231022,3.2230737
3.2231173,3.2231140
3.2231173,3.2231190
3.2231576,3.22313413.2230720,3.2231090
3.2231022,3.2231140
3.2231526,3.2231291
3.2231274,3.2231341
3.2231324,3.2230989
3.2231324,3.2230838
3.2231375,3.2230989
3.2231073,3.22310893.2233087,3.2232852
3.2231425,3.2231140
3.2232583,3.2232752
3.2232835,3.2232449
3.2230972,3.2230687
3.2231022,3.2231039
3.2232583,3.2231694
3.2232986,3.22322483.2231173,3.2231291
3.2230871,3.2230888
3.2232533,3.2232601
3.2232583,3.2232600
3.2231324,3.2231090
3.2231022,3.2231996
3.2230972,3.2230737
3.2230921,3.22310893.2230871,3.2231845
3.2231224,3.2230737
3.2231072,3.2230989
3.2230770,3.2230888
3.2231324,3.2231190
3.2231727,3.2231089
3.2230972,3.2230787
3.2231677,3.22308883.2231374,3.2230938
3.2231022,3.2231744
3.2231425,3.2231190
3.2231526,3.2230888
3.2231173,3.2231341
3.2230972,3.2230989
3.2232684,3.2231240
3.2231374,3.22317953.2231022,3.2230787
3.2230619,3.2231240
3.2231173,3.2230989
3.2231425,3.2231190
3.2230770,3.2230888
3.2231374,3.2231543
3.2231123,3.2231140
3.2231425,3.22308883.2231626,3.2231039
3.2231173,3.2231744
3.2232281,3.2231140
3.2231072,3.2230837
3.2231677,3.2230938
3.2230871,3.2233104
3.2231677,3.2231039
3.2231274,3.22312913.2231324,3.2231140
3.2231576,3.2231039
3.2232332,3.2230938
3.2231929,3.2230938
3.2231576,3.2231643
3.2231022,3.2231341
3.2231123,3.2231039
3.2231375,3.22312403.2231576,3.2231542
3.2232684,3.2232499
3.2231123,3.2231542
3.2231677,3.2230837
3.2231072,3.2233104
3.2232382,3.2233104
3.2231223,3.2230837
3.2231374,3.22310893.2231223,3.2231089
3.2233036,3.2233104
3.2231123,3.2230837
3.2231223,3.2230787
3.2231576,3.2231845
3.2231123,3.2231140
3.2232432,3.2231442
3.2231022,3.22313913.2231324,3.2230988
3.2230871,3.2231140
3.2231777,3.2231089
3.2231425,3.2231190
3.2232986,3.2232852
3.2233187,3.2232399
3.2233339,3.2233054
3.2232482,3.22334063.2233238,3.2232550
3.2232835,3.2232550
3.2233137,3.2232751
3.2231122,3.2231694
3.2231072,3.2231291
3.2232936,3.2232600
3.2231374,3.2231492
3.2232382,3.22336583.2231475,3.2230938
3.2231576,3.2231794
3.2231425,3.2230888
3.2231425,3.2231543
3.2231274,3.2231291
3.2231274,3.2231140
3.2231777,3.2231492
3.2232130,3.22308373.2233187,3.2233708
3.2232936,3.2233607
3.2232583,3.2232953
3.2231425,3.2230988
3.2233137,3.2233557
3.2233439,3.2232650
3.2232684,3.2232852
3.2233288,3.22327513.2232936,3.2233104
3.2231072,3.2231240
3.2231273,3.2231139
3.2231425,3.2230837
3.2231122,3.2231291
3.2231424,3.2231492
3.2231727,3.2231139
3.2231424,3.22315423.2231475,3.2231240
3.2232029,3.2231190
3.2231576,3.2231542
3.2231122,3.2231744
3.2232734,3.2232802
3.2232784,3.2232248
3.2232684,3.2233053
3.2231676,3.22308883.2231223,3.2231291
3.2231676,3.2231391
3.2231122,3.2232197
3.2231525,3.2231543
3.2231475,3.2230888
3.2231374,3.2231140
3.2231374,3.2231190
3.2231726,3.22316433.2231021,3.2231190
3.2233137,3.2233406
3.2231676,3.2231240
3.2231273,3.2231140
3.2230971,3.2231240
3.2231475,3.2231643
3.2231525,3.2231593
3.2232583,3.22328523.2232935,3.2232701
3.2233187,3.2232852
3.2231273,3.2231341
3.2231324,3.2230737
3.2230820,3.2231190
3.2231575,3.2231492
3.2231223,3.2231089
3.2231072,3.22313413.2231122,3.2231089
3.2231021,3.2231291
3.2231575,3.2231140
3.2231072,3.2232651
3.2231324,3.2230837
3.2232835,3.2230888
3.2231273,3.2231190
3.2231021,3.22310393.2231021,3.2231140
3.2231172,3.2230938
3.2231172,3.2231089
3.2231021,3.2231039
3.2230921,3.2230938
3.2231122,3.2231240
3.2231072,3.2231442
3.2231072,3.22315433.2230870,3.2231593
3.2231324,3.2231039
3.2231475,3.2231593
3.2231424,3.2231492
3.2231525,3.2231089
3.2231424,3.2232499
3.2231676,3.2231140
3.2231827,3.22322483.2231223,3.2232550
3.2232583,3.2232953
3.2232684,3.2233255
3.2233439,3.2233154
3.2232029,3.2231945
3.2231223,3.2230837
3.2231374,3.2231240
3.2231424,3.22311903.2230921,3.2231643
3.2231173,3.2231039
3.2231022,3.2231391
3.2233288,3.2233003
3.2231626,3.2231643
3.2231525,3.2231442
3.2231425,3.2231341
3.2231223,3.22317443.2231122,3.2231039
3.2232230,3.2230988
3.2233187,3.2232449
3.2233036,3.2232650
3.2233087,3.2232953
3.2230921,3.2231291
3.2231274,3.2231240
3.2232684,3.22327513.2231576,3.2231794
3.2232331,3.2231492
3.2232885,3.2232399
3.2231273,3.2231694
3.2232885,3.2232701
3.2231273,3.2231492
3.2231173,3.2231442
3.2231374,3.22309383.2231576,3.2231694
3.2231525,3.2231593
3.2231123,3.2231291
3.2231576,3.2231240
3.2231727,3.2231492
3.2231626,3.2231391
3.2231374,3.2231391
3.2231123,3.22312913.2231576,3.2231643
3.2232785,3.2232751
3.2231223,3.2230938
3.2231576,3.2231139
3.2232734,3.2232499
3.2231425,3.2231341
3.2231475,3.2230988
3.2231828,3.22311393.2231576,3.2231441
3.2231576,3.2231844
3.2231425,3.2231391
3.2231425,3.2231290
3.2233188,3.2233204
3.2232432,3.2233104
3.2233288,3.2232852
3.2233288,3.22331543.2232986,3.2233053
3.2233137,3.2233003
3.2233288,3.2232801
3.2232835,3.2233154
3.2233591,3.2233003
3.2233490,3.2232852
3.2232734,3.2232650
3.2232835,3.22324993.2233288,3.2232852
3.2233288,3.2233204
3.2233036,3.2232801
3.2233036,3.2232600
3.2233591,3.2233002
3.2233137,3.2233305
3.2233188,3.2233355
3.2233439,3.22330033.2233087,3.2233305
3.2233339,3.2233355
3.2231